 29
 19
 31
 25
 41
 28
 29
 24
 23
 30
 22
 35
 25
 44
 33
 34
 27
 30
 25
 32
 36
 30
 21
 28
 27
 33
 28
 25
 39
 29
 28
 23
 40
 22
 34
 30
 20
 31
 35
 28
 22
 43
 25
 25
 23
 24
 31
 25
 29
 42
 32
 27
 32
 27
 29
 29
 24
 28
 27
 25
 25
 20
 32
 33
 34
 33
 33
 35
 23
 21
 30
 30
 27
 26
 22
 22
 23
 31
 28
 29
 33
 30
 26
 27
 27
 28
 30
 28
 33
 26
 32
 37
 22
 17
 27
 23
 40
 30
 29
 15
 32
 27
 35
 30
 26
 18
 25
 32
 33
 29
 29
 26
 21
 28
 29
 24
 29
 24
 29
 36
 31
 26
 24
 28
 22
 32
 28
 24
 28
 26
 34
 16
 39
 21
 28
 25
 31
 34
 34
 18
 33
 21
 34
 26
 31
 28
 29
 33
 31
 23
 26
 28
 27
 28
 48
 22
 24
 28
 16
 31
 30
 31
 30
 23
 26
 33
 27
 30
 26
 27
 24
 35
 22
 28
 26
 27
 24
 27
 26
 34
 29
 20
 31
 25
 25
 22
 25
 33
 32
 32
 31
 31
 21
 32
 28
 26
 34
 26
 42
 30
