 1
 6
 11
 16
 19
 14
 7
 4
 4
 2
 2
 4
 1
 5
 4
 4
 1
 1
 3
 0
 1
 4
 4
 4
 1
 4
 0
 1
 0
 3
 3
 3
 9
 21
 24
 50
 67
 112
 112
 190
 215
 255
 324
 378
 349
 375
 366
 393
 355
 345
 278
 282
 219
 188
 124
 115
 83
 69
 54
 22
 21
 22
 12
 9
 5
 6
 2
 3
 1
 2
 2
 1
 2
 2
 0
 2
 1
 1
 2
 1
 1
 0
 2
 1
 0
 1
 3
 0
 0
 1
 1
 6
 1
 1
 0
 2
 0
 0
 1
 1
 0
 1
 0
 1
 0
 0
 0
 0
 2
 2
 0
 0
 1
 2
 0
 2
 0
 0
 1
 0
 0
 0
 0
 0
 0
 0
 1
 0
 1
 2
 0
 0
 0
 0
 1
 1
 0
 0
 0
 0
 0
 1
 1
 0
 0
 1
 2
 2
 0
 0
 0
 1
 1
 0
 1
 0
 0
 0
 1
 1
 0
 1
 0
 0
 1
 0
 0
 0
 0
 1
 0
 1
 0
 0
 1
 0
 0
 0
 0
 0
 0
 0
 1
 0
 1
 0
 0
 0
 0
 0
 0
 0
 0
 0
 0
 0
 0
 0
 0
 1
